Coefficient,MAE,Exp_Var
2.9252998003543373,6.613244205230069,0.7596580348808419
0.8944224656256804,6.613244205230069,0.7596580348808419
0.7216113476951641,6.613244205230069,0.7596580348808419
0.659590046846547,6.613244205230069,0.7596580348808419
0.47983424058053303,6.613244205230069,0.7596580348808419
0.4759168654108141,6.613244205230069,0.7596580348808419
0.3588630973884253,6.613244205230069,0.7596580348808419
0.24472605496511576,6.613244205230069,0.7596580348808419
0.12694740420837022,6.613244205230069,0.7596580348808419
0.04230505560404134,6.613244205230069,0.7596580348808419
0.0331335208085093,6.613244205230069,0.7596580348808419
0.029418879564728224,6.613244205230069,0.7596580348808419
0.02126885205875115,6.613244205230069,0.7596580348808419
0.008708788403465144,6.613244205230069,0.7596580348808419
0.00811124867296143,6.613244205230069,0.7596580348808419
0.0047458884865394305,6.613244205230069,0.7596580348808419
0.004600389301676079,6.613244205230069,0.7596580348808419
0.004246379459339071,6.613244205230069,0.7596580348808419
0.0028695705995709863,6.613244205230069,0.7596580348808419
4.702551440933591e-05,6.613244205230069,0.7596580348808419
4.565792188770956e-15,6.613244205230069,0.7596580348808419
3.0461744238152733e-15,6.613244205230069,0.7596580348808419
1.1102230246251565e-15,6.613244205230069,0.7596580348808419
